{
 "cells": [
  {
   "cell_type": "markdown",
   "id": "39b1dbb6",
   "metadata": {},
   "source": [
    "Perform Principal component analysis and perform clustering using first \n",
    "3 principal component scores (both heirarchial and k mean clustering(scree plot or elbow curve) and obtain \n",
    "optimum number of clusters and check whether we have obtained same number of clusters with the original data \n",
    "(class column we have ignored at the begining who shows it has 3 clusters)df\n"
   ]
  },
  {
   "cell_type": "code",
   "execution_count": 1,
   "id": "5b7bed57",
   "metadata": {},
   "outputs": [],
   "source": [
    "import pandas as pd \n",
    "import numpy as np\n",
    "import seaborn as sns\n",
    "import matplotlib.pyplot as plt\n",
    "plt.rcParams['figure.figsize']=(10,5)\n",
    "plt.rcParams['figure.dpi'] = 250\n",
    "sns.set_theme(style = 'darkgrid',palette = 'rainbow')"
   ]
  },
  {
   "cell_type": "code",
   "execution_count": 2,
   "id": "1fdc9a78",
   "metadata": {},
   "outputs": [
    {
     "data": {
      "text/html": [
       "<div>\n",
       "<style scoped>\n",
       "    .dataframe tbody tr th:only-of-type {\n",
       "        vertical-align: middle;\n",
       "    }\n",
       "\n",
       "    .dataframe tbody tr th {\n",
       "        vertical-align: top;\n",
       "    }\n",
       "\n",
       "    .dataframe thead th {\n",
       "        text-align: right;\n",
       "    }\n",
       "</style>\n",
       "<table border=\"1\" class=\"dataframe\">\n",
       "  <thead>\n",
       "    <tr style=\"text-align: right;\">\n",
       "      <th></th>\n",
       "      <th>Type</th>\n",
       "      <th>Alcohol</th>\n",
       "      <th>Malic</th>\n",
       "      <th>Ash</th>\n",
       "      <th>Alcalinity</th>\n",
       "      <th>Magnesium</th>\n",
       "      <th>Phenols</th>\n",
       "      <th>Flavanoids</th>\n",
       "      <th>Nonflavanoids</th>\n",
       "      <th>Proanthocyanins</th>\n",
       "      <th>Color</th>\n",
       "      <th>Hue</th>\n",
       "      <th>Dilution</th>\n",
       "      <th>Proline</th>\n",
       "    </tr>\n",
       "  </thead>\n",
       "  <tbody>\n",
       "    <tr>\n",
       "      <th>0</th>\n",
       "      <td>1</td>\n",
       "      <td>14.23</td>\n",
       "      <td>1.71</td>\n",
       "      <td>2.43</td>\n",
       "      <td>15.6</td>\n",
       "      <td>127</td>\n",
       "      <td>2.80</td>\n",
       "      <td>3.06</td>\n",
       "      <td>0.28</td>\n",
       "      <td>2.29</td>\n",
       "      <td>5.64</td>\n",
       "      <td>1.04</td>\n",
       "      <td>3.92</td>\n",
       "      <td>1065</td>\n",
       "    </tr>\n",
       "    <tr>\n",
       "      <th>1</th>\n",
       "      <td>1</td>\n",
       "      <td>13.20</td>\n",
       "      <td>1.78</td>\n",
       "      <td>2.14</td>\n",
       "      <td>11.2</td>\n",
       "      <td>100</td>\n",
       "      <td>2.65</td>\n",
       "      <td>2.76</td>\n",
       "      <td>0.26</td>\n",
       "      <td>1.28</td>\n",
       "      <td>4.38</td>\n",
       "      <td>1.05</td>\n",
       "      <td>3.40</td>\n",
       "      <td>1050</td>\n",
       "    </tr>\n",
       "    <tr>\n",
       "      <th>2</th>\n",
       "      <td>1</td>\n",
       "      <td>13.16</td>\n",
       "      <td>2.36</td>\n",
       "      <td>2.67</td>\n",
       "      <td>18.6</td>\n",
       "      <td>101</td>\n",
       "      <td>2.80</td>\n",
       "      <td>3.24</td>\n",
       "      <td>0.30</td>\n",
       "      <td>2.81</td>\n",
       "      <td>5.68</td>\n",
       "      <td>1.03</td>\n",
       "      <td>3.17</td>\n",
       "      <td>1185</td>\n",
       "    </tr>\n",
       "    <tr>\n",
       "      <th>3</th>\n",
       "      <td>1</td>\n",
       "      <td>14.37</td>\n",
       "      <td>1.95</td>\n",
       "      <td>2.50</td>\n",
       "      <td>16.8</td>\n",
       "      <td>113</td>\n",
       "      <td>3.85</td>\n",
       "      <td>3.49</td>\n",
       "      <td>0.24</td>\n",
       "      <td>2.18</td>\n",
       "      <td>7.80</td>\n",
       "      <td>0.86</td>\n",
       "      <td>3.45</td>\n",
       "      <td>1480</td>\n",
       "    </tr>\n",
       "    <tr>\n",
       "      <th>4</th>\n",
       "      <td>1</td>\n",
       "      <td>13.24</td>\n",
       "      <td>2.59</td>\n",
       "      <td>2.87</td>\n",
       "      <td>21.0</td>\n",
       "      <td>118</td>\n",
       "      <td>2.80</td>\n",
       "      <td>2.69</td>\n",
       "      <td>0.39</td>\n",
       "      <td>1.82</td>\n",
       "      <td>4.32</td>\n",
       "      <td>1.04</td>\n",
       "      <td>2.93</td>\n",
       "      <td>735</td>\n",
       "    </tr>\n",
       "    <tr>\n",
       "      <th>...</th>\n",
       "      <td>...</td>\n",
       "      <td>...</td>\n",
       "      <td>...</td>\n",
       "      <td>...</td>\n",
       "      <td>...</td>\n",
       "      <td>...</td>\n",
       "      <td>...</td>\n",
       "      <td>...</td>\n",
       "      <td>...</td>\n",
       "      <td>...</td>\n",
       "      <td>...</td>\n",
       "      <td>...</td>\n",
       "      <td>...</td>\n",
       "      <td>...</td>\n",
       "    </tr>\n",
       "    <tr>\n",
       "      <th>173</th>\n",
       "      <td>3</td>\n",
       "      <td>13.71</td>\n",
       "      <td>5.65</td>\n",
       "      <td>2.45</td>\n",
       "      <td>20.5</td>\n",
       "      <td>95</td>\n",
       "      <td>1.68</td>\n",
       "      <td>0.61</td>\n",
       "      <td>0.52</td>\n",
       "      <td>1.06</td>\n",
       "      <td>7.70</td>\n",
       "      <td>0.64</td>\n",
       "      <td>1.74</td>\n",
       "      <td>740</td>\n",
       "    </tr>\n",
       "    <tr>\n",
       "      <th>174</th>\n",
       "      <td>3</td>\n",
       "      <td>13.40</td>\n",
       "      <td>3.91</td>\n",
       "      <td>2.48</td>\n",
       "      <td>23.0</td>\n",
       "      <td>102</td>\n",
       "      <td>1.80</td>\n",
       "      <td>0.75</td>\n",
       "      <td>0.43</td>\n",
       "      <td>1.41</td>\n",
       "      <td>7.30</td>\n",
       "      <td>0.70</td>\n",
       "      <td>1.56</td>\n",
       "      <td>750</td>\n",
       "    </tr>\n",
       "    <tr>\n",
       "      <th>175</th>\n",
       "      <td>3</td>\n",
       "      <td>13.27</td>\n",
       "      <td>4.28</td>\n",
       "      <td>2.26</td>\n",
       "      <td>20.0</td>\n",
       "      <td>120</td>\n",
       "      <td>1.59</td>\n",
       "      <td>0.69</td>\n",
       "      <td>0.43</td>\n",
       "      <td>1.35</td>\n",
       "      <td>10.20</td>\n",
       "      <td>0.59</td>\n",
       "      <td>1.56</td>\n",
       "      <td>835</td>\n",
       "    </tr>\n",
       "    <tr>\n",
       "      <th>176</th>\n",
       "      <td>3</td>\n",
       "      <td>13.17</td>\n",
       "      <td>2.59</td>\n",
       "      <td>2.37</td>\n",
       "      <td>20.0</td>\n",
       "      <td>120</td>\n",
       "      <td>1.65</td>\n",
       "      <td>0.68</td>\n",
       "      <td>0.53</td>\n",
       "      <td>1.46</td>\n",
       "      <td>9.30</td>\n",
       "      <td>0.60</td>\n",
       "      <td>1.62</td>\n",
       "      <td>840</td>\n",
       "    </tr>\n",
       "    <tr>\n",
       "      <th>177</th>\n",
       "      <td>3</td>\n",
       "      <td>14.13</td>\n",
       "      <td>4.10</td>\n",
       "      <td>2.74</td>\n",
       "      <td>24.5</td>\n",
       "      <td>96</td>\n",
       "      <td>2.05</td>\n",
       "      <td>0.76</td>\n",
       "      <td>0.56</td>\n",
       "      <td>1.35</td>\n",
       "      <td>9.20</td>\n",
       "      <td>0.61</td>\n",
       "      <td>1.60</td>\n",
       "      <td>560</td>\n",
       "    </tr>\n",
       "  </tbody>\n",
       "</table>\n",
       "<p>178 rows × 14 columns</p>\n",
       "</div>"
      ],
      "text/plain": [
       "     Type  Alcohol  Malic   Ash  Alcalinity  Magnesium  Phenols  Flavanoids  \\\n",
       "0       1    14.23   1.71  2.43        15.6        127     2.80        3.06   \n",
       "1       1    13.20   1.78  2.14        11.2        100     2.65        2.76   \n",
       "2       1    13.16   2.36  2.67        18.6        101     2.80        3.24   \n",
       "3       1    14.37   1.95  2.50        16.8        113     3.85        3.49   \n",
       "4       1    13.24   2.59  2.87        21.0        118     2.80        2.69   \n",
       "..    ...      ...    ...   ...         ...        ...      ...         ...   \n",
       "173     3    13.71   5.65  2.45        20.5         95     1.68        0.61   \n",
       "174     3    13.40   3.91  2.48        23.0        102     1.80        0.75   \n",
       "175     3    13.27   4.28  2.26        20.0        120     1.59        0.69   \n",
       "176     3    13.17   2.59  2.37        20.0        120     1.65        0.68   \n",
       "177     3    14.13   4.10  2.74        24.5         96     2.05        0.76   \n",
       "\n",
       "     Nonflavanoids  Proanthocyanins  Color   Hue  Dilution  Proline  \n",
       "0             0.28             2.29   5.64  1.04      3.92     1065  \n",
       "1             0.26             1.28   4.38  1.05      3.40     1050  \n",
       "2             0.30             2.81   5.68  1.03      3.17     1185  \n",
       "3             0.24             2.18   7.80  0.86      3.45     1480  \n",
       "4             0.39             1.82   4.32  1.04      2.93      735  \n",
       "..             ...              ...    ...   ...       ...      ...  \n",
       "173           0.52             1.06   7.70  0.64      1.74      740  \n",
       "174           0.43             1.41   7.30  0.70      1.56      750  \n",
       "175           0.43             1.35  10.20  0.59      1.56      835  \n",
       "176           0.53             1.46   9.30  0.60      1.62      840  \n",
       "177           0.56             1.35   9.20  0.61      1.60      560  \n",
       "\n",
       "[178 rows x 14 columns]"
      ]
     },
     "execution_count": 2,
     "metadata": {},
     "output_type": "execute_result"
    }
   ],
   "source": [
    "df = pd.read_csv('wine.csv')\n",
    "df"
   ]
  },
  {
   "cell_type": "code",
   "execution_count": 4,
   "id": "f9202801",
   "metadata": {},
   "outputs": [
    {
     "data": {
      "text/html": [
       "<div>\n",
       "<style scoped>\n",
       "    .dataframe tbody tr th:only-of-type {\n",
       "        vertical-align: middle;\n",
       "    }\n",
       "\n",
       "    .dataframe tbody tr th {\n",
       "        vertical-align: top;\n",
       "    }\n",
       "\n",
       "    .dataframe thead th {\n",
       "        text-align: right;\n",
       "    }\n",
       "</style>\n",
       "<table border=\"1\" class=\"dataframe\">\n",
       "  <thead>\n",
       "    <tr style=\"text-align: right;\">\n",
       "      <th></th>\n",
       "      <th>count</th>\n",
       "      <th>mean</th>\n",
       "      <th>std</th>\n",
       "      <th>min</th>\n",
       "      <th>25%</th>\n",
       "      <th>50%</th>\n",
       "      <th>75%</th>\n",
       "      <th>max</th>\n",
       "    </tr>\n",
       "  </thead>\n",
       "  <tbody>\n",
       "    <tr>\n",
       "      <th>Type</th>\n",
       "      <td>178.0</td>\n",
       "      <td>1.938202</td>\n",
       "      <td>0.775035</td>\n",
       "      <td>1.00</td>\n",
       "      <td>1.0000</td>\n",
       "      <td>2.000</td>\n",
       "      <td>3.0000</td>\n",
       "      <td>3.00</td>\n",
       "    </tr>\n",
       "    <tr>\n",
       "      <th>Alcohol</th>\n",
       "      <td>178.0</td>\n",
       "      <td>13.000618</td>\n",
       "      <td>0.811827</td>\n",
       "      <td>11.03</td>\n",
       "      <td>12.3625</td>\n",
       "      <td>13.050</td>\n",
       "      <td>13.6775</td>\n",
       "      <td>14.83</td>\n",
       "    </tr>\n",
       "    <tr>\n",
       "      <th>Malic</th>\n",
       "      <td>178.0</td>\n",
       "      <td>2.336348</td>\n",
       "      <td>1.117146</td>\n",
       "      <td>0.74</td>\n",
       "      <td>1.6025</td>\n",
       "      <td>1.865</td>\n",
       "      <td>3.0825</td>\n",
       "      <td>5.80</td>\n",
       "    </tr>\n",
       "    <tr>\n",
       "      <th>Ash</th>\n",
       "      <td>178.0</td>\n",
       "      <td>2.366517</td>\n",
       "      <td>0.274344</td>\n",
       "      <td>1.36</td>\n",
       "      <td>2.2100</td>\n",
       "      <td>2.360</td>\n",
       "      <td>2.5575</td>\n",
       "      <td>3.23</td>\n",
       "    </tr>\n",
       "    <tr>\n",
       "      <th>Alcalinity</th>\n",
       "      <td>178.0</td>\n",
       "      <td>19.494944</td>\n",
       "      <td>3.339564</td>\n",
       "      <td>10.60</td>\n",
       "      <td>17.2000</td>\n",
       "      <td>19.500</td>\n",
       "      <td>21.5000</td>\n",
       "      <td>30.00</td>\n",
       "    </tr>\n",
       "    <tr>\n",
       "      <th>Magnesium</th>\n",
       "      <td>178.0</td>\n",
       "      <td>99.741573</td>\n",
       "      <td>14.282484</td>\n",
       "      <td>70.00</td>\n",
       "      <td>88.0000</td>\n",
       "      <td>98.000</td>\n",
       "      <td>107.0000</td>\n",
       "      <td>162.00</td>\n",
       "    </tr>\n",
       "    <tr>\n",
       "      <th>Phenols</th>\n",
       "      <td>178.0</td>\n",
       "      <td>2.295112</td>\n",
       "      <td>0.625851</td>\n",
       "      <td>0.98</td>\n",
       "      <td>1.7425</td>\n",
       "      <td>2.355</td>\n",
       "      <td>2.8000</td>\n",
       "      <td>3.88</td>\n",
       "    </tr>\n",
       "    <tr>\n",
       "      <th>Flavanoids</th>\n",
       "      <td>178.0</td>\n",
       "      <td>2.029270</td>\n",
       "      <td>0.998859</td>\n",
       "      <td>0.34</td>\n",
       "      <td>1.2050</td>\n",
       "      <td>2.135</td>\n",
       "      <td>2.8750</td>\n",
       "      <td>5.08</td>\n",
       "    </tr>\n",
       "    <tr>\n",
       "      <th>Nonflavanoids</th>\n",
       "      <td>178.0</td>\n",
       "      <td>0.361854</td>\n",
       "      <td>0.124453</td>\n",
       "      <td>0.13</td>\n",
       "      <td>0.2700</td>\n",
       "      <td>0.340</td>\n",
       "      <td>0.4375</td>\n",
       "      <td>0.66</td>\n",
       "    </tr>\n",
       "    <tr>\n",
       "      <th>Proanthocyanins</th>\n",
       "      <td>178.0</td>\n",
       "      <td>1.590899</td>\n",
       "      <td>0.572359</td>\n",
       "      <td>0.41</td>\n",
       "      <td>1.2500</td>\n",
       "      <td>1.555</td>\n",
       "      <td>1.9500</td>\n",
       "      <td>3.58</td>\n",
       "    </tr>\n",
       "    <tr>\n",
       "      <th>Color</th>\n",
       "      <td>178.0</td>\n",
       "      <td>5.058090</td>\n",
       "      <td>2.318286</td>\n",
       "      <td>1.28</td>\n",
       "      <td>3.2200</td>\n",
       "      <td>4.690</td>\n",
       "      <td>6.2000</td>\n",
       "      <td>13.00</td>\n",
       "    </tr>\n",
       "    <tr>\n",
       "      <th>Hue</th>\n",
       "      <td>178.0</td>\n",
       "      <td>0.957449</td>\n",
       "      <td>0.228572</td>\n",
       "      <td>0.48</td>\n",
       "      <td>0.7825</td>\n",
       "      <td>0.965</td>\n",
       "      <td>1.1200</td>\n",
       "      <td>1.71</td>\n",
       "    </tr>\n",
       "    <tr>\n",
       "      <th>Dilution</th>\n",
       "      <td>178.0</td>\n",
       "      <td>2.611685</td>\n",
       "      <td>0.709990</td>\n",
       "      <td>1.27</td>\n",
       "      <td>1.9375</td>\n",
       "      <td>2.780</td>\n",
       "      <td>3.1700</td>\n",
       "      <td>4.00</td>\n",
       "    </tr>\n",
       "    <tr>\n",
       "      <th>Proline</th>\n",
       "      <td>178.0</td>\n",
       "      <td>746.893258</td>\n",
       "      <td>314.907474</td>\n",
       "      <td>278.00</td>\n",
       "      <td>500.5000</td>\n",
       "      <td>673.500</td>\n",
       "      <td>985.0000</td>\n",
       "      <td>1680.00</td>\n",
       "    </tr>\n",
       "  </tbody>\n",
       "</table>\n",
       "</div>"
      ],
      "text/plain": [
       "                 count        mean         std     min       25%      50%  \\\n",
       "Type             178.0    1.938202    0.775035    1.00    1.0000    2.000   \n",
       "Alcohol          178.0   13.000618    0.811827   11.03   12.3625   13.050   \n",
       "Malic            178.0    2.336348    1.117146    0.74    1.6025    1.865   \n",
       "Ash              178.0    2.366517    0.274344    1.36    2.2100    2.360   \n",
       "Alcalinity       178.0   19.494944    3.339564   10.60   17.2000   19.500   \n",
       "Magnesium        178.0   99.741573   14.282484   70.00   88.0000   98.000   \n",
       "Phenols          178.0    2.295112    0.625851    0.98    1.7425    2.355   \n",
       "Flavanoids       178.0    2.029270    0.998859    0.34    1.2050    2.135   \n",
       "Nonflavanoids    178.0    0.361854    0.124453    0.13    0.2700    0.340   \n",
       "Proanthocyanins  178.0    1.590899    0.572359    0.41    1.2500    1.555   \n",
       "Color            178.0    5.058090    2.318286    1.28    3.2200    4.690   \n",
       "Hue              178.0    0.957449    0.228572    0.48    0.7825    0.965   \n",
       "Dilution         178.0    2.611685    0.709990    1.27    1.9375    2.780   \n",
       "Proline          178.0  746.893258  314.907474  278.00  500.5000  673.500   \n",
       "\n",
       "                      75%      max  \n",
       "Type               3.0000     3.00  \n",
       "Alcohol           13.6775    14.83  \n",
       "Malic              3.0825     5.80  \n",
       "Ash                2.5575     3.23  \n",
       "Alcalinity        21.5000    30.00  \n",
       "Magnesium        107.0000   162.00  \n",
       "Phenols            2.8000     3.88  \n",
       "Flavanoids         2.8750     5.08  \n",
       "Nonflavanoids      0.4375     0.66  \n",
       "Proanthocyanins    1.9500     3.58  \n",
       "Color              6.2000    13.00  \n",
       "Hue                1.1200     1.71  \n",
       "Dilution           3.1700     4.00  \n",
       "Proline          985.0000  1680.00  "
      ]
     },
     "execution_count": 4,
     "metadata": {},
     "output_type": "execute_result"
    }
   ],
   "source": [
    "df.describe().T"
   ]
  },
  {
   "cell_type": "code",
   "execution_count": 5,
   "id": "a9dc1ff1",
   "metadata": {},
   "outputs": [],
   "source": [
    "from sklearn.preprocessing import StandardScaler"
   ]
  },
  {
   "cell_type": "code",
   "execution_count": 6,
   "id": "8c7cf258",
   "metadata": {},
   "outputs": [
    {
     "data": {
      "text/plain": [
       "array([[-1.21394365,  1.51861254, -0.5622498 , ...,  0.36217728,\n",
       "         1.84791957,  1.01300893],\n",
       "       [-1.21394365,  0.24628963, -0.49941338, ...,  0.40605066,\n",
       "         1.1134493 ,  0.96524152],\n",
       "       [-1.21394365,  0.19687903,  0.02123125, ...,  0.31830389,\n",
       "         0.78858745,  1.39514818],\n",
       "       ...,\n",
       "       [ 1.37386437,  0.33275817,  1.74474449, ..., -1.61212515,\n",
       "        -1.48544548,  0.28057537],\n",
       "       [ 1.37386437,  0.20923168,  0.22769377, ..., -1.56825176,\n",
       "        -1.40069891,  0.29649784],\n",
       "       [ 1.37386437,  1.39508604,  1.58316512, ..., -1.52437837,\n",
       "        -1.42894777, -0.59516041]])"
      ]
     },
     "execution_count": 6,
     "metadata": {},
     "output_type": "execute_result"
    }
   ],
   "source": [
    "sc = StandardScaler()\n",
    "x = sc.fit_transform(df)\n",
    "x"
   ]
  },
  {
   "cell_type": "code",
   "execution_count": 7,
   "id": "1d4fef39",
   "metadata": {},
   "outputs": [
    {
     "data": {
      "text/plain": [
       "array([[ 1.00564972, -0.3300763 ,  0.44024952, -0.04992369,  0.52078487,\n",
       "        -0.21036119, -0.72322641, -0.85228566,  0.49187249, -0.50194977,\n",
       "         0.26716852, -0.62085717, -0.79268286, -0.63729711],\n",
       "       [-0.3300763 ,  1.00564972,  0.09493026,  0.21273976, -0.31198788,\n",
       "         0.27232816,  0.29073446,  0.23815287, -0.15681042,  0.13747022,\n",
       "         0.549451  , -0.07215255,  0.07275191,  0.64735687],\n",
       "       [ 0.44024952,  0.09493026,  1.00564972,  0.16497228,  0.29013035,\n",
       "        -0.05488343, -0.3370606 , -0.41332866,  0.29463237, -0.22199334,\n",
       "         0.25039204, -0.56446685, -0.37079354, -0.19309537],\n",
       "       [-0.04992369,  0.21273976,  0.16497228,  1.00564972,  0.44587209,\n",
       "         0.28820583,  0.12970824,  0.11572743,  0.1872826 ,  0.00970647,\n",
       "         0.2603499 , -0.07508874,  0.00393333,  0.22488969],\n",
       "       [ 0.52078487, -0.31198788,  0.29013035,  0.44587209,  1.00564972,\n",
       "        -0.0838039 , -0.32292752, -0.353355  ,  0.36396647, -0.19844168,\n",
       "         0.01883781, -0.27550299, -0.27833221, -0.44308618],\n",
       "       [-0.21036119,  0.27232816, -0.05488343,  0.28820583, -0.0838039 ,\n",
       "         1.00564972,  0.21561254,  0.19688989, -0.25774204,  0.23777643,\n",
       "         0.20107967,  0.05571118,  0.06637684,  0.39557317],\n",
       "       [-0.72322641,  0.29073446, -0.3370606 ,  0.12970824, -0.32292752,\n",
       "         0.21561254,  1.00564972,  0.86944804, -0.45247731,  0.61587304,\n",
       "        -0.05544792,  0.43613151,  0.70390388,  0.50092909],\n",
       "       [-0.85228566,  0.23815287, -0.41332866,  0.11572743, -0.353355  ,\n",
       "         0.19688989,  0.86944804,  1.00564972, -0.54093859,  0.65637929,\n",
       "        -0.17335329,  0.54654907,  0.79164133,  0.49698518],\n",
       "       [ 0.49187249, -0.15681042,  0.29463237,  0.1872826 ,  0.36396647,\n",
       "        -0.25774204, -0.45247731, -0.54093859,  1.00564972, -0.36791202,\n",
       "         0.13984265, -0.26412347, -0.50611293, -0.31314443],\n",
       "       [-0.50194977,  0.13747022, -0.22199334,  0.00970647, -0.19844168,\n",
       "         0.23777643,  0.61587304,  0.65637929, -0.36791202,  1.00564972,\n",
       "        -0.02539259,  0.29721399,  0.52199968,  0.33228346],\n",
       "       [ 0.26716852,  0.549451  ,  0.25039204,  0.2603499 ,  0.01883781,\n",
       "         0.20107967, -0.05544792, -0.17335329,  0.13984265, -0.02539259,\n",
       "         1.00564972, -0.52476129, -0.43123763,  0.31788599],\n",
       "       [-0.62085717, -0.07215255, -0.56446685, -0.07508874, -0.27550299,\n",
       "         0.05571118,  0.43613151,  0.54654907, -0.26412347,  0.29721399,\n",
       "        -0.52476129,  1.00564972,  0.56866303,  0.23751782],\n",
       "       [-0.79268286,  0.07275191, -0.37079354,  0.00393333, -0.27833221,\n",
       "         0.06637684,  0.70390388,  0.79164133, -0.50611293,  0.52199968,\n",
       "        -0.43123763,  0.56866303,  1.00564972,  0.31452809],\n",
       "       [-0.63729711,  0.64735687, -0.19309537,  0.22488969, -0.44308618,\n",
       "         0.39557317,  0.50092909,  0.49698518, -0.31314443,  0.33228346,\n",
       "         0.31788599,  0.23751782,  0.31452809,  1.00564972]])"
      ]
     },
     "execution_count": 7,
     "metadata": {},
     "output_type": "execute_result"
    }
   ],
   "source": [
    "cov = np.cov(x.T)\n",
    "cov"
   ]
  },
  {
   "cell_type": "code",
   "execution_count": 8,
   "id": "119a6ab2",
   "metadata": {},
   "outputs": [],
   "source": [
    "values,vectors = np.linalg.eig(cov)"
   ]
  },
  {
   "cell_type": "code",
   "execution_count": 9,
   "id": "33760dc9",
   "metadata": {},
   "outputs": [
    {
     "data": {
      "text/plain": [
       "array([5.56722458, 2.51118402, 1.45424413, 0.9331603 , 0.88246016,\n",
       "       0.67657935, 0.55692777, 0.05813894, 0.13029618, 0.35201176,\n",
       "       0.16975037, 0.29620602, 0.26378805, 0.2271244 ])"
      ]
     },
     "execution_count": 9,
     "metadata": {},
     "output_type": "execute_result"
    }
   ],
   "source": [
    "values"
   ]
  },
  {
   "cell_type": "code",
   "execution_count": 10,
   "id": "04fee63f",
   "metadata": {},
   "outputs": [
    {
     "data": {
      "text/plain": [
       "array([[-0.39366953, -0.00569041, -0.00121795, -0.12246373, -0.15758395,\n",
       "         0.20033864,  0.05938234, -0.66904528,  0.49224318,  0.07179553,\n",
       "         0.01575769, -0.16236882, -0.19899373,  0.01444169],\n",
       "       [ 0.13632501, -0.48416087,  0.20740081,  0.08191848,  0.25089415,\n",
       "        -0.13517139,  0.09269887, -0.09062605,  0.05610645,  0.42154435,\n",
       "        -0.26411262, -0.45019071,  0.31127983, -0.22154641],\n",
       "       [-0.22267638, -0.22359095, -0.08879606, -0.46988824,  0.18860015,\n",
       "        -0.59841948, -0.3743698 ,  0.02522531, -0.06675544,  0.08757556,\n",
       "         0.1192121 , -0.00602569, -0.32592413,  0.06839251],\n",
       "       [ 0.00225793, -0.31585588, -0.62610236,  0.24984122,  0.0935236 ,\n",
       "        -0.10799983,  0.16708856,  0.00163582,  0.19201787, -0.17208034,\n",
       "        -0.04502305,  0.26249446, -0.12452347, -0.49452428],\n",
       "       [-0.22429849,  0.01161574, -0.6119896 , -0.07199322, -0.0465675 ,\n",
       "         0.08811224,  0.26872469,  0.09536107, -0.20007784,  0.41324857,\n",
       "        -0.06131271, -0.11863342,  0.15716811,  0.47461722],\n",
       "       [ 0.12463016, -0.30055143, -0.13098458,  0.16321412, -0.77833048,\n",
       "        -0.14483831, -0.32957951, -0.02230075, -0.05829909, -0.14881189,\n",
       "         0.06116074, -0.25253628,  0.12773363,  0.07119731],\n",
       "       [ 0.35926404, -0.06711983, -0.14650775, -0.19098521,  0.14466563,\n",
       "         0.14809748,  0.03789829,  0.25303779,  0.35952714, -0.36343884,\n",
       "        -0.30087591, -0.40637354, -0.30772263,  0.29740957],\n",
       "       [ 0.39071171,  0.00131345, -0.15096275, -0.14461667,  0.11200553,\n",
       "         0.06247252,  0.06773223, -0.60190917, -0.59834288, -0.175405  ,\n",
       "        -0.05001396, -0.09091933, -0.14044   , -0.03219187],\n",
       "       [-0.2670012 , -0.0269887 , -0.16997551,  0.32801272,  0.43257916,\n",
       "         0.25868639, -0.61111195, -0.08223093, -0.06403952, -0.23075135,\n",
       "         0.04266558, -0.15912282,  0.24054263,  0.12200984],\n",
       "       [ 0.2790625 , -0.04122256, -0.14987959, -0.46275771, -0.0915882 ,\n",
       "         0.46627764, -0.42292282,  0.05864198,  0.11013538,  0.3437392 ,\n",
       "        -0.09334264,  0.26578679,  0.10869629, -0.23292405],\n",
       "       [-0.08931829, -0.52978274,  0.1372663 , -0.07211248,  0.0462696 ,\n",
       "         0.42525454,  0.18613617,  0.17882114, -0.15917751, -0.04069617,\n",
       "         0.59795428, -0.07526459, -0.21704255,  0.01972448],\n",
       "       [ 0.27682265,  0.27790735, -0.08532854,  0.43466618,  0.02986657,\n",
       "        -0.01565089, -0.19204101,  0.02258256,  0.04923091,  0.48362564,\n",
       "         0.25774292, -0.21241681, -0.50966073, -0.06140493],\n",
       "       [ 0.35052618,  0.16277625, -0.16620436, -0.15672341,  0.14419358,\n",
       "        -0.21770365,  0.0785098 , -0.13509216,  0.32941979, -0.06865116,\n",
       "         0.61109218, -0.08426484,  0.45570504,  0.06646166],\n",
       "       [ 0.26951525, -0.36605886,  0.12668685,  0.2557949 ,  0.08440794,\n",
       "        -0.0665655 , -0.0542037 , -0.21604362,  0.17322892,  0.11146671,\n",
       "        -0.07268036,  0.54490539, -0.04620802,  0.55130818]])"
      ]
     },
     "execution_count": 10,
     "metadata": {},
     "output_type": "execute_result"
    }
   ],
   "source": [
    "vectors"
   ]
  },
  {
   "cell_type": "code",
   "execution_count": 12,
   "id": "fcc276f4",
   "metadata": {},
   "outputs": [
    {
     "data": {
      "text/plain": [
       "array([ 3.5229339 ,  2.52885806,  2.78502898,  3.92258841,  1.40751111,\n",
       "        3.28812981,  2.75057754,  2.39286652,  2.79525633,  3.00559666,\n",
       "        3.67868855,  2.10963477,  2.43845636,  3.67349453,  4.44157575,\n",
       "        2.60892387,  2.47542846,  2.22623243,  3.74226929,  2.3944115 ,\n",
       "        3.33656895,  1.48140399,  2.82806867,  2.00771405,  2.11463604,\n",
       "        1.39753751,  2.13348803,  1.62970383,  2.50760753,  2.55948318,\n",
       "        2.77244452,  2.93513374,  1.99124842,  2.24570987,  1.78698628,\n",
       "        2.22763867,  1.76802847,  1.52317798,  1.87236494,  2.79711434,\n",
       "        2.84093569,  1.1055721 ,  3.30689482,  0.90479842,  2.39683569,\n",
       "        1.53781235,  2.99121644,  3.05931631,  2.31877146,  2.95947229,\n",
       "        3.4121813 ,  3.11637827,  3.70021113,  2.53754828,  2.44478924,\n",
       "        2.72281451,  2.98531677,  2.4881469 ,  3.35128665, -0.87492504,\n",
       "       -1.41466076, -1.71387916,  0.01229686,  1.83310122, -0.57453595,\n",
       "        0.79147116,  2.02003148,  0.14328098, -0.75150766,  1.74032573,\n",
       "       -1.47630041,  1.49197779, -0.69396686,  2.29945716,  1.63413138,\n",
       "       -0.82899932,  0.30043175, -1.3611782 ,  1.09604852,  0.31921974,\n",
       "        0.67125757,  0.92411091, -0.46749204, -2.35241675,  0.71822325,\n",
       "        0.69829604, -0.76457439, -0.52824923, -1.03785507, -0.52142425,\n",
       "       -1.25335859, -1.46070926, -1.79124629,  0.65330428,  0.8361451 ,\n",
       "        2.26060732, -0.55547283,  0.9149965 ,  2.02098347,  1.26542677,\n",
       "        0.70143229, -0.53086979, -0.17615672, -0.64274197,  0.33770614,\n",
       "       -1.63721155, -0.35877264, -1.51311874,  0.03009626,  1.40940236,\n",
       "        1.21824444, -0.28831462, -1.19609762, -0.45161819, -0.47183886,\n",
       "        0.42339909, -0.26437653, -0.13745847, -2.25047663, -0.53074498,\n",
       "        0.64128735,  1.18436691, -1.10694195, -0.45864794,  0.84610722,\n",
       "       -0.11653672, -0.0070867 , -1.49530863, -0.47860169, -1.66414462,\n",
       "       -1.77894554, -2.74191892, -3.25429697, -2.53036635, -2.71302437,\n",
       "       -3.34898858, -4.11716696, -4.14412844, -3.3659255 , -2.71267678,\n",
       "       -3.07164523, -2.62614546, -3.26039672, -2.70404699, -2.59084775,\n",
       "       -2.9540111 , -4.45995006, -3.82924957, -3.13365001, -3.2347141 ,\n",
       "       -2.71256472, -2.93094044, -2.25057425, -3.09752033, -3.07705567,\n",
       "       -3.85615824, -3.20838842, -3.65849417, -1.55298183, -2.05828389,\n",
       "       -3.43854934, -2.58448815, -3.14445722, -2.92529398, -3.26182677,\n",
       "       -3.77758717, -2.77463925, -3.24261618, -2.56374375, -2.74872948,\n",
       "       -3.4911962 , -3.9291344 , -2.81529547, -3.6279962 , -2.94272922,\n",
       "       -3.02727243, -2.75522166, -3.49633565])"
      ]
     },
     "execution_count": 12,
     "metadata": {},
     "output_type": "execute_result"
    }
   ],
   "source": [
    "pc1 = x@vectors[:,0]\n",
    "pc1"
   ]
  },
  {
   "cell_type": "code",
   "execution_count": 13,
   "id": "6ce56483",
   "metadata": {},
   "outputs": [
    {
     "data": {
      "text/plain": [
       "array([-1.45309844,  0.33001925, -1.03693595, -2.76821026, -0.86777309,\n",
       "       -2.13017513, -1.17916999, -1.61128232, -0.92317952, -0.79628417,\n",
       "       -1.31252342, -0.61298199, -0.67852331, -1.14012136, -2.11031917,\n",
       "       -1.66641801, -2.33089672, -1.63359016, -2.52840527, -1.06452946,\n",
       "       -0.79601279, -0.24008547,  0.08685755,  0.51561649,  0.31592057,\n",
       "       -0.93821529, -0.68710205,  0.09118403, -0.69274983, -0.1954729 ,\n",
       "       -1.24635279, -1.47827883, -0.05325201, -1.6346691 , -0.69748039,\n",
       "       -0.17928892, -0.65787231, -0.11222505,  0.76930576, -1.80880887,\n",
       "       -0.78616157, -0.16588492, -1.16395547, -0.32607243,  0.06690594,\n",
       "       -1.77507765, -1.19762255, -0.65382196, -1.25023668, -1.75860365,\n",
       "       -0.17691581, -0.75210873, -1.62309187, -1.87852793, -1.02071516,\n",
       "       -1.33524369, -1.44363759, -1.2154925 , -1.74060283,  3.07772383,\n",
       "        1.3899542 ,  0.83885608,  1.26269589,  1.91338608,  1.91115097,\n",
       "        0.75872552,  1.87213142,  2.42575691,  0.22520902,  1.39100815,\n",
       "        0.89224859,  0.94792708,  1.06686332, -0.27435851,  1.2773898 ,\n",
       "        2.44770579,  2.15106456,  1.39034627,  0.76264282,  1.02477043,\n",
       "        3.37052496,  1.44510662,  2.38376557,  0.10013996,  1.46811394,\n",
       "        2.02223417,  2.23750414,  2.37569723,  1.80786799,  2.66038386,\n",
       "        2.12475639,  1.8596994 ,  1.56916323,  2.30839297,  2.21754888,\n",
       "       -0.18428637,  0.37012733,  2.55963934,  1.42022041,  2.15848251,\n",
       "        2.37221592,  2.29535505,  1.16479003,  2.68228953,  2.09639668,\n",
       "        1.72636425,  2.17081862,  1.36335628,  2.30450774,  1.45311158,\n",
       "        1.40819282,  1.93122641,  0.77044262,  2.27100706,  1.94138119,\n",
       "        3.86899361,  2.82191608,  1.92845353,  1.26932529,  2.2244168 ,\n",
       "        1.40431272, -0.2609574 ,  0.669497  ,  0.61988848,  1.4391088 ,\n",
       "        2.10990355,  1.26551112,  1.21567945,  1.94027835,  1.15919147,\n",
       "       -0.17231476, -0.37085725, -0.25756346, -0.36598866,  0.46387414,\n",
       "       -0.34556216, -0.14197308, -0.64721324, -0.34041064, -0.28746438,\n",
       "       -0.27980594, -0.36823287, -0.4810908 , -0.47745985, -1.15749987,\n",
       "       -0.5578515 , -0.63547901, -1.26232962, -1.56464614, -2.03532443,\n",
       "       -2.3538796 , -2.04198353, -1.52795614, -2.13348176, -0.40479097,\n",
       "       -1.79208943, -1.91882788, -1.30258082, -3.51909311, -2.4075461 ,\n",
       "       -0.73054324, -1.17132839, -0.54903584, -0.69265684, -1.54859057,\n",
       "       -0.87231155, -2.58870465, -1.26784789, -2.07490927, -2.58508204,\n",
       "        0.2594602 , -0.83738603, -2.18933614, -2.20661701, -1.7522632 ,\n",
       "       -2.75604024, -2.29378408, -2.76060799])"
      ]
     },
     "execution_count": 13,
     "metadata": {},
     "output_type": "execute_result"
    }
   ],
   "source": [
    "pc2 = x@vectors[:,1]\n",
    "pc2"
   ]
  },
  {
   "cell_type": "markdown",
   "id": "5cb7abcf",
   "metadata": {},
   "source": [
    "# PCA"
   ]
  },
  {
   "cell_type": "code",
   "execution_count": 14,
   "id": "747c4eb1",
   "metadata": {},
   "outputs": [],
   "source": [
    "from sklearn.decomposition import PCA"
   ]
  },
  {
   "cell_type": "code",
   "execution_count": 15,
   "id": "0970b2f2",
   "metadata": {},
   "outputs": [
    {
     "data": {
      "text/html": [
       "<div>\n",
       "<style scoped>\n",
       "    .dataframe tbody tr th:only-of-type {\n",
       "        vertical-align: middle;\n",
       "    }\n",
       "\n",
       "    .dataframe tbody tr th {\n",
       "        vertical-align: top;\n",
       "    }\n",
       "\n",
       "    .dataframe thead th {\n",
       "        text-align: right;\n",
       "    }\n",
       "</style>\n",
       "<table border=\"1\" class=\"dataframe\">\n",
       "  <thead>\n",
       "    <tr style=\"text-align: right;\">\n",
       "      <th></th>\n",
       "      <th>0</th>\n",
       "      <th>1</th>\n",
       "      <th>2</th>\n",
       "      <th>3</th>\n",
       "      <th>4</th>\n",
       "      <th>5</th>\n",
       "      <th>6</th>\n",
       "      <th>7</th>\n",
       "      <th>8</th>\n",
       "      <th>9</th>\n",
       "      <th>10</th>\n",
       "      <th>11</th>\n",
       "      <th>12</th>\n",
       "      <th>13</th>\n",
       "    </tr>\n",
       "  </thead>\n",
       "  <tbody>\n",
       "    <tr>\n",
       "      <th>0</th>\n",
       "      <td>-3.522934</td>\n",
       "      <td>-1.453098</td>\n",
       "      <td>-0.164795</td>\n",
       "      <td>-0.013273</td>\n",
       "      <td>0.737345</td>\n",
       "      <td>-0.300716</td>\n",
       "      <td>0.573876</td>\n",
       "      <td>0.055637</td>\n",
       "      <td>-0.458765</td>\n",
       "      <td>1.065570</td>\n",
       "      <td>-0.420494</td>\n",
       "      <td>0.552928</td>\n",
       "      <td>-0.302978</td>\n",
       "      <td>0.200857</td>\n",
       "    </tr>\n",
       "    <tr>\n",
       "      <th>1</th>\n",
       "      <td>-2.528858</td>\n",
       "      <td>0.330019</td>\n",
       "      <td>-2.026707</td>\n",
       "      <td>-0.417144</td>\n",
       "      <td>-0.283214</td>\n",
       "      <td>-0.884309</td>\n",
       "      <td>-0.029716</td>\n",
       "      <td>1.010372</td>\n",
       "      <td>0.218806</td>\n",
       "      <td>-0.020182</td>\n",
       "      <td>-0.130020</td>\n",
       "      <td>0.394971</td>\n",
       "      <td>-0.146645</td>\n",
       "      <td>0.126402</td>\n",
       "    </tr>\n",
       "    <tr>\n",
       "      <th>2</th>\n",
       "      <td>-2.785029</td>\n",
       "      <td>-1.036936</td>\n",
       "      <td>0.983238</td>\n",
       "      <td>0.664232</td>\n",
       "      <td>-0.387565</td>\n",
       "      <td>0.468842</td>\n",
       "      <td>0.488305</td>\n",
       "      <td>-0.268957</td>\n",
       "      <td>1.222769</td>\n",
       "      <td>-0.106249</td>\n",
       "      <td>-0.279074</td>\n",
       "      <td>0.001898</td>\n",
       "      <td>0.021278</td>\n",
       "      <td>-0.055752</td>\n",
       "    </tr>\n",
       "    <tr>\n",
       "      <th>3</th>\n",
       "      <td>-3.922588</td>\n",
       "      <td>-2.768210</td>\n",
       "      <td>-0.174968</td>\n",
       "      <td>0.565088</td>\n",
       "      <td>-0.324360</td>\n",
       "      <td>0.262616</td>\n",
       "      <td>-0.398364</td>\n",
       "      <td>0.618844</td>\n",
       "      <td>-0.114658</td>\n",
       "      <td>0.107671</td>\n",
       "      <td>0.773866</td>\n",
       "      <td>-0.230929</td>\n",
       "      <td>-0.501277</td>\n",
       "      <td>0.019903</td>\n",
       "    </tr>\n",
       "    <tr>\n",
       "      <th>4</th>\n",
       "      <td>-1.407511</td>\n",
       "      <td>-0.867773</td>\n",
       "      <td>2.025829</td>\n",
       "      <td>-0.440906</td>\n",
       "      <td>0.227949</td>\n",
       "      <td>-0.593762</td>\n",
       "      <td>0.447876</td>\n",
       "      <td>0.434937</td>\n",
       "      <td>-0.261548</td>\n",
       "      <td>0.112434</td>\n",
       "      <td>-0.537931</td>\n",
       "      <td>-0.226686</td>\n",
       "      <td>0.274109</td>\n",
       "      <td>-0.517498</td>\n",
       "    </tr>\n",
       "    <tr>\n",
       "      <th>...</th>\n",
       "      <td>...</td>\n",
       "      <td>...</td>\n",
       "      <td>...</td>\n",
       "      <td>...</td>\n",
       "      <td>...</td>\n",
       "      <td>...</td>\n",
       "      <td>...</td>\n",
       "      <td>...</td>\n",
       "      <td>...</td>\n",
       "      <td>...</td>\n",
       "      <td>...</td>\n",
       "      <td>...</td>\n",
       "      <td>...</td>\n",
       "      <td>...</td>\n",
       "    </tr>\n",
       "    <tr>\n",
       "      <th>173</th>\n",
       "      <td>3.627996</td>\n",
       "      <td>-2.206617</td>\n",
       "      <td>-0.343668</td>\n",
       "      <td>0.751705</td>\n",
       "      <td>-1.004109</td>\n",
       "      <td>-1.143155</td>\n",
       "      <td>0.843455</td>\n",
       "      <td>-0.206626</td>\n",
